-9.502999999999996561e+00
-9.282000000000000028e+00
-8.974999999999997868e+00
-8.900999999999999801e+00
-8.821999999999999176e+00
-8.415000000000002700e+00
-8.294000000000002260e+00
-8.294000000000002260e+00
-7.538000000000005585e+00
-7.181000000000004491e+00
-7.038000000000005585e+00
-6.950000000000007283e+00
-6.511000000000005450e+00
-6.095000000000005969e+00
-6.003000000000007219e+00
-5.693000000000005834e+00
-5.247000000000004327e+00
-4.827000000000003510e+00
-4.270000000000001350e+00
-4.290000000000001812e+00
-4.223000000000001641e+00
-3.572000000000000508e+00
-3.525999999999999801e+00
-3.217999999999999972e+00
-2.905999999999999694e+00
-2.421000000000000263e+00
-2.474999999999999645e+00
-1.842999999999999972e+00
-1.804999999999999716e+00
-1.721999999999999975e+00
-1.165999999999999703e+00
-7.099999999999992983e-01
-7.349999999999992095e-01
-8.879999999999995675e-01
-1.249999999999995975e-01
-1.199999999999967759e-02
1.120000000000006268e-01
3.000000000000007661e-01
4.140000000000007008e-01
3.840000000000005631e-01
7.910000000000007025e-01
9.220000000000008189e-01
1.122000000000001219e+00
1.207000000000000739e+00
1.230000000000001092e+00
1.321000000000000840e+00
1.333000000000001073e+00
1.495000000000001217e+00
1.366000000000001435e+00
1.690000000000001279e+00
1.698000000000001064e+00
1.623000000000001108e+00
1.799000000000001709e+00
1.785000000000001474e+00
1.801000000000001267e+00
1.809000000000001496e+00
1.822000000000001396e+00
1.963000000000001410e+00
1.914000000000001034e+00
1.872000000000001219e+00
1.813000000000001277e+00
1.837000000000001076e+00
1.900000000000001465e+00
1.936000000000001053e+00
1.948000000000001064e+00
1.924000000000001709e+00
2.000000000000000888e+00
1.962000000000001076e+00
1.988000000000001322e+00
2.000000000000000888e+00
1.987000000000001210e+00
1.988000000000001322e+00
1.975000000000001421e+00
2.000000000000000888e+00
2.000000000000000888e+00
2.000000000000000888e+00
2.000000000000000888e+00
1.987000000000001210e+00
1.988000000000001322e+00
2.000000000000000888e+00
2.000000000000000888e+00
2.000000000000000888e+00
1.988000000000001322e+00
2.000000000000000888e+00
2.000000000000000888e+00
2.000000000000000888e+00
2.000000000000000888e+00
2.000000000000000888e+00
2.000000000000000888e+00
2.000000000000000888e+00
2.000000000000000888e+00
2.000000000000000888e+00
2.000000000000000888e+00
2.000000000000000888e+00
2.000000000000000888e+00
2.000000000000000888e+00
2.000000000000000888e+00
2.000000000000000888e+00
2.000000000000000888e+00
2.000000000000000888e+00
