-9.053999999999998494e+00
-8.383000000000006224e+00
-7.869000000000005102e+00
-7.342000000000007631e+00
-6.075000000000005507e+00
-5.122000000000005215e+00
-4.381000000000002004e+00
-3.601000000000000423e+00
-2.774000000000000021e+00
-1.823999999999999400e+00
-1.491000000000000103e+00
-1.145999999999999686e+00
-7.479999999999994431e-01
-1.419999999999995155e-01
2.320000000000009277e-01
5.420000000000008145e-01
6.950000000000007283e-01
1.243000000000001215e+00
1.187000000000001165e+00
1.413000000000000922e+00
1.653000000000001135e+00
1.690000000000001279e+00
1.774000000000001354e+00
1.841000000000001080e+00
1.914000000000001034e+00
1.951000000000001178e+00
1.988000000000001322e+00
1.988000000000001322e+00
1.964000000000001078e+00
1.987000000000001432e+00
1.988000000000001322e+00
1.988000000000001322e+00
2.000000000000000888e+00
2.000000000000000888e+00
1.988000000000001322e+00
2.000000000000000888e+00
2.000000000000000888e+00
2.000000000000000888e+00
2.000000000000000888e+00
2.000000000000000888e+00
2.000000000000000888e+00
2.000000000000000888e+00
2.000000000000000888e+00
2.000000000000000888e+00
2.000000000000000888e+00
2.000000000000000888e+00
2.000000000000000888e+00
2.000000000000000888e+00
2.000000000000000888e+00
2.000000000000000888e+00
2.000000000000000888e+00
2.000000000000000888e+00
2.000000000000000888e+00
2.000000000000000888e+00
2.000000000000000888e+00
2.000000000000000888e+00
2.000000000000000888e+00
2.000000000000000888e+00
2.000000000000000888e+00
2.000000000000000888e+00
2.000000000000000888e+00
2.000000000000000888e+00
2.000000000000000888e+00
2.000000000000000888e+00
2.000000000000000888e+00
2.000000000000000888e+00
2.000000000000000888e+00
2.000000000000000888e+00
2.000000000000000888e+00
2.000000000000000888e+00
2.000000000000000888e+00
2.000000000000000888e+00
2.000000000000000888e+00
2.000000000000000888e+00
2.000000000000000888e+00
2.000000000000000888e+00
2.000000000000000888e+00
2.000000000000000888e+00
2.000000000000000888e+00
2.000000000000000888e+00
2.000000000000000888e+00
2.000000000000000888e+00
2.000000000000000888e+00
2.000000000000000888e+00
2.000000000000000888e+00
2.000000000000000888e+00
2.000000000000000888e+00
2.000000000000000888e+00
2.000000000000000888e+00
2.000000000000000888e+00
2.000000000000000888e+00
2.000000000000000888e+00
2.000000000000000888e+00
2.000000000000000888e+00
2.000000000000000888e+00
2.000000000000000888e+00
2.000000000000000888e+00
2.000000000000000888e+00
2.000000000000000888e+00
2.000000000000000888e+00
