-9.168999999999998707e+00
-8.745000000000000995e+00
-8.840999999999999304e+00
-8.782000000000000028e+00
-9.083999999999999631e+00
-8.321000000000005059e+00
-8.885999999999999233e+00
-9.306999999999996831e+00
-8.440000000000003055e+00
-9.093999999999999417e+00
-9.372999999999997556e+00
-8.112000000000003652e+00
-9.226999999999996760e+00
-9.291000000000000369e+00
-8.575000000000001066e+00
-9.202999999999999403e+00
-8.935000000000000497e+00
-8.788000000000000256e+00
-9.158999999999997144e+00
-8.305000000000003268e+00
-8.866999999999999105e+00
-9.157999999999997698e+00
-8.384000000000003894e+00
-8.816999999999998394e+00
-8.708000000000001961e+00
-8.655000000000002913e+00
-8.641000000000000014e+00
-9.383999999999996788e+00
-8.191000000000004277e+00
-8.941000000000000725e+00
-9.028999999999999915e+00
-8.467000000000002302e+00
-8.989999999999998437e+00
-9.191000000000000725e+00
-8.913000000000000256e+00
-9.039999999999997371e+00
-8.788000000000002032e+00
-8.730000000000000426e+00
-9.231999999999997542e+00
-8.740999999999999659e+00
-8.560000000000000497e+00
-8.958000000000001961e+00
-8.669000000000000483e+00
-8.627000000000000668e+00
-8.830000000000001847e+00
-8.496000000000000441e+00
-9.040000000000000924e+00
-8.733999999999998209e+00
-8.628000000000003666e+00
-9.187999999999998835e+00
-9.286999999999999034e+00
-8.751000000000001222e+00
-8.756000000000002004e+00
-8.602000000000002089e+00
-8.410000000000001918e+00
-8.741000000000003212e+00
-8.980000000000000426e+00
-8.528000000000002245e+00
-9.354999999999996874e+00
-8.848000000000000753e+00
-8.769999999999999574e+00
-8.836999999999997968e+00
-8.689000000000001833e+00
-8.951999999999998181e+00
-8.775000000000002132e+00
-8.810000000000000497e+00
-9.067999999999997840e+00
-9.144000000000000128e+00
-8.834000000000001407e+00
-8.816000000000002501e+00
-8.623000000000001108e+00
-8.624000000000000554e+00
-8.746000000000000441e+00
-8.762000000000004007e+00
-8.476000000000002643e+00
-8.910000000000000142e+00
-8.625000000000001776e+00
-8.756999999999999673e+00
-8.445000000000003837e+00
-8.640000000000002345e+00
-8.624000000000000554e+00
-8.782000000000000028e+00
-8.922000000000000597e+00
-8.874000000000000554e+00
-8.729000000000002757e+00
-8.686000000000003496e+00
-8.707000000000002515e+00
-8.809000000000001052e+00
-8.688000000000000611e+00
-9.093999999999997641e+00
-8.982000000000001094e+00
-8.932999999999998053e+00
-8.946000000000001506e+00
-8.814000000000000057e+00
-8.507000000000001450e+00
-9.035000000000000142e+00
-8.627000000000002444e+00
-8.741000000000001435e+00
-8.929000000000000270e+00
-8.791000000000000369e+00
