5.255368683546347564e-01
5.980844421985885839e-01
4.826893410880306323e-01
3.509073951913792011e-01
5.488752135048511338e-01
4.762026879386518363e-01
5.081574559130245250e-01
3.986489683919900440e-01
8.578927671917959685e-01
4.918577029995530592e-01
4.521072881518261033e-01
8.461772863886118934e-01
3.065305857496097297e-01
2.398103417286248096e-01
4.712377319358002081e-01
5.128362311693628328e-01
3.379423027677943558e-01
6.293298022499772548e-01
3.930763284656012546e-01
4.031438949060233146e-01
4.724203636593103384e-01
4.440225219513057042e-01
6.844735203059331141e-01
4.346964458101754691e-01
4.198523550011337702e-01
6.101680096497986705e-01
7.356690832160859284e-01
4.979799192738576519e-01
5.569461374316171387e-01
4.597705949710115259e-01
4.310556808580509047e-01
4.935797807852321251e-01
4.056106507477316159e-01
3.328798582071286205e-01
5.594827968758251391e-01
4.505108211796894913e-01
5.648504226784258897e-01
5.625655517359698932e-01
4.604085142566300970e-01
6.565584513202131767e-01
4.940850129279347192e-01
3.498799794215129433e-01
4.627191372744354769e-01
8.411426751746645669e-01
5.132445810722173762e-01
7.111568040875340113e-01
4.492215489043221432e-01
5.417970099585253108e-01
6.990822555322059317e-01
6.289006280804586568e-01
5.529746829647775863e-01
5.311958207666896969e-01
6.790463901678550629e-01
6.554357329288623690e-01
7.041164676386969523e-01
4.882509600604974520e-01
3.450797009387807646e-01
3.381952099010255286e-01
3.639574150913799100e-01
5.006156210107666205e-01
7.336075244979389787e-01
4.090733430572044416e-01
6.235936176709920842e-01
7.426950922148294332e-01
7.218067608439207028e-01
3.345444664017013237e-01
4.146275437063938751e-01
5.854434216899145893e-01
3.581954773583820861e-01
6.343689778039237614e-01
6.339408489756728216e-01
5.186173926894452890e-01
7.823451923543691677e-01
4.455737873798221171e-01
6.539449518116912108e-01
3.392344322146533808e-01
8.254968201028973773e-01
5.829245234161934963e-01
7.680006510413865950e-01
5.367867360507304619e-01
6.634184200035414536e-01
4.423075852842660027e-01
4.533166663602804514e-01
5.180193046595804596e-01
3.235567956325430261e-01
3.942892339387385481e-01
4.777248161860521147e-01
8.850135592181577193e-01
4.466497509234707008e-01
3.500342840351468032e-01
5.722027612656167550e-01
3.579958100313444525e-01
5.188294517469068667e-01
3.211915316442801038e-01
6.186768138535635453e-01
4.475321217521687212e-01
5.387030722021137752e-01
5.735058848869795112e-01
4.690298497963622526e-01
6.410062402192312492e-01
