3.152792413083977952e-01
3.539152440910092179e-01
4.422047037289372762e-01
3.026697870617390818e-01
4.377396486497414640e-01
2.205561153085516257e-01
4.527515875179218829e-01
5.946124788465133593e-01
2.325424692394922332e-01
6.887590289789301545e-01
4.324303412111596967e-01
5.435439264677683902e-01
5.167291360084127483e-01
4.865439342957637026e-01
4.822872587991517968e-01
6.574199571050469704e-01
5.847572145771285923e-01
5.628152449960849291e-01
5.268775948927809649e-01
5.689991212647013130e-01
7.205976686057232738e-01
5.005157340184226422e-01
6.244069186035663410e-01
5.353092564116562757e-01
6.651496072313357599e-01
5.883952753039406458e-01
5.083551907869138242e-01
4.521957540711767920e-01
5.870136284618954203e-01
6.318354216091406350e-01
5.722447029025259368e-01
4.653600756403584726e-01
3.342528982671652549e-01
4.014423993551256009e-01
3.575541916968668632e-01
4.437747176214526523e-01
6.526224023123938789e-01
4.549945054613298012e-01
4.185976588563298795e-01
3.905176052369475070e-01
3.665092086155548046e-01
2.743647207641684571e-01
2.406989821332859991e-01
3.817865896020971594e-01
3.844216435113924080e-01
2.601710975492859679e-01
3.669618508782623856e-01
2.010596926288311381e-01
3.718386746964333911e-01
1.930802941783548443e-01
2.285519634568910219e-01
2.537341128031468940e-01
9.934284070832689884e-02
1.240362850137007728e-01
2.023091693423706150e-01
1.890211628363344110e-01
1.507182802449656966e-01
7.798076685952763654e-02
7.787168933572718998e-02
1.538700750633468783e-01
1.265740889755877785e-01
8.462269199216013171e-02
9.230384607371469596e-02
6.406246951218785846e-02
8.623224454924038884e-02
8.511169132381285474e-02
4.440892098500626162e-16
8.059776671843953133e-02
3.600000000000003197e-02
4.440892098500626162e-16
3.900000000000003464e-02
3.600000000000003197e-02
7.499999999999999722e-02
4.440892098500626162e-16
4.440892098500626162e-16
4.440892098500626162e-16
4.440892098500626162e-16
3.900000000000002770e-02
3.600000000000003197e-02
4.440892098500626162e-16
4.440892098500626162e-16
4.440892098500626162e-16
3.599999999999996259e-02
4.440892098500626162e-16
4.440892098500626162e-16
4.440892098500626162e-16
4.440892098500626162e-16
4.440892098500626162e-16
4.440892098500626162e-16
4.440892098500626162e-16
4.440892098500626162e-16
4.440892098500626162e-16
4.440892098500626162e-16
4.440892098500626162e-16
4.440892098500626162e-16
4.440892098500626162e-16
4.440892098500626162e-16
4.440892098500626162e-16
4.440892098500626162e-16
4.440892098500626162e-16
