5.190992198029155125e-01
6.884192036833340911e-01
7.948389774035973243e-01
7.187183036489318555e-01
9.309699243262391510e-01
6.021262326124006137e-01
9.882555337563276865e-01
9.750430759715199569e-01
8.759931506581545291e-01
6.997742493118764839e-01
5.429079111598948959e-01
8.738787101194310791e-01
6.145046785826777658e-01
6.084702129110346469e-01
5.909111608355352985e-01
2.920547893803492334e-01
6.877535895944130173e-01
3.293948997783665567e-01
3.563439349841667214e-01
2.596940507597353953e-01
1.887882411592417820e-01
1.893145530591877901e-01
1.782806775845325598e-01
1.972029411545377364e-01
2.181375712709757719e-01
8.055432949258535535e-02
3.600000000000003197e-02
3.600000000000003197e-02
7.683749084919419547e-02
3.899999999999996525e-02
3.600000000000003197e-02
3.599999999999996259e-02
4.440892098500626162e-16
4.440892098500626162e-16
3.599999999999996259e-02
4.440892098500626162e-16
4.440892098500626162e-16
4.440892098500626162e-16
4.440892098500626162e-16
4.440892098500626162e-16
4.440892098500626162e-16
4.440892098500626162e-16
4.440892098500626162e-16
4.440892098500626162e-16
4.440892098500626162e-16
4.440892098500626162e-16
4.440892098500626162e-16
4.440892098500626162e-16
4.440892098500626162e-16
4.440892098500626162e-16
4.440892098500626162e-16
4.440892098500626162e-16
4.440892098500626162e-16
4.440892098500626162e-16
4.440892098500626162e-16
4.440892098500626162e-16
4.440892098500626162e-16
4.440892098500626162e-16
4.440892098500626162e-16
4.440892098500626162e-16
4.440892098500626162e-16
4.440892098500626162e-16
4.440892098500626162e-16
4.440892098500626162e-16
4.440892098500626162e-16
4.440892098500626162e-16
4.440892098500626162e-16
4.440892098500626162e-16
4.440892098500626162e-16
4.440892098500626162e-16
4.440892098500626162e-16
4.440892098500626162e-16
4.440892098500626162e-16
4.440892098500626162e-16
4.440892098500626162e-16
4.440892098500626162e-16
4.440892098500626162e-16
4.440892098500626162e-16
4.440892098500626162e-16
4.440892098500626162e-16
4.440892098500626162e-16
4.440892098500626162e-16
4.440892098500626162e-16
4.440892098500626162e-16
4.440892098500626162e-16
4.440892098500626162e-16
4.440892098500626162e-16
4.440892098500626162e-16
4.440892098500626162e-16
4.440892098500626162e-16
4.440892098500626162e-16
4.440892098500626162e-16
4.440892098500626162e-16
4.440892098500626162e-16
4.440892098500626162e-16
4.440892098500626162e-16
4.440892098500626162e-16
4.440892098500626162e-16
4.440892098500626162e-16
4.440892098500626162e-16
