9.900000000000000000e+01
1.990000000000000000e+02
2.990000000000000000e+02
3.990000000000000000e+02
4.990000000000000000e+02
5.990000000000000000e+02
6.990000000000000000e+02
7.990000000000000000e+02
8.990000000000000000e+02
9.990000000000000000e+02
1.099000000000000000e+03
1.199000000000000000e+03
1.299000000000000000e+03
1.399000000000000000e+03
1.499000000000000000e+03
1.599000000000000000e+03
1.699000000000000000e+03
1.799000000000000000e+03
1.899000000000000000e+03
1.999000000000000000e+03
2.099000000000000000e+03
2.199000000000000000e+03
2.299000000000000000e+03
2.399000000000000000e+03
2.499000000000000000e+03
2.599000000000000000e+03
2.699000000000000000e+03
2.799000000000000000e+03
2.899000000000000000e+03
2.999000000000000000e+03
3.099000000000000000e+03
3.199000000000000000e+03
3.299000000000000000e+03
3.399000000000000000e+03
3.499000000000000000e+03
3.599000000000000000e+03
3.699000000000000000e+03
3.799000000000000000e+03
3.899000000000000000e+03
3.999000000000000000e+03
4.099000000000000000e+03
4.199000000000000000e+03
4.299000000000000000e+03
4.399000000000000000e+03
4.499000000000000000e+03
4.599000000000000000e+03
4.699000000000000000e+03
4.799000000000000000e+03
4.899000000000000000e+03
4.999000000000000000e+03
5.099000000000000000e+03
5.199000000000000000e+03
5.299000000000000000e+03
5.399000000000000000e+03
5.499000000000000000e+03
5.599000000000000000e+03
5.699000000000000000e+03
5.799000000000000000e+03
5.899000000000000000e+03
5.999000000000000000e+03
6.099000000000000000e+03
6.199000000000000000e+03
6.299000000000000000e+03
6.399000000000000000e+03
6.499000000000000000e+03
6.599000000000000000e+03
6.699000000000000000e+03
6.799000000000000000e+03
6.899000000000000000e+03
6.999000000000000000e+03
7.099000000000000000e+03
7.199000000000000000e+03
7.299000000000000000e+03
7.399000000000000000e+03
7.499000000000000000e+03
7.599000000000000000e+03
7.699000000000000000e+03
7.799000000000000000e+03
7.899000000000000000e+03
7.999000000000000000e+03
8.099000000000000000e+03
8.199000000000000000e+03
8.299000000000000000e+03
8.399000000000000000e+03
8.499000000000000000e+03
8.599000000000000000e+03
8.699000000000000000e+03
8.799000000000000000e+03
8.899000000000000000e+03
8.999000000000000000e+03
9.099000000000000000e+03
9.199000000000000000e+03
9.299000000000000000e+03
9.399000000000000000e+03
9.499000000000000000e+03
9.599000000000000000e+03
9.699000000000000000e+03
9.799000000000000000e+03
9.899000000000000000e+03
9.999000000000000000e+03
