-4.379000000000006665e+00
-4.280000000000006466e+00
-4.467000000000006743e+00
-4.566000000000006054e+00
-4.445000000000005613e+00
-4.214000000000007518e+00
-4.203000000000006509e+00
-4.357000000000006423e+00
-4.379000000000006665e+00
-4.511000000000007226e+00
-4.610000000000006537e+00
-4.676000000000005485e+00
-4.588000000000006295e+00
-4.258000000000007113e+00
-4.456000000000005734e+00
-4.577000000000006175e+00
-4.566000000000005166e+00
-4.610000000000005649e+00
-4.368000000000006544e+00
-4.368000000000006544e+00
-4.423000000000007148e+00
-4.434000000000006381e+00
-4.731000000000005201e+00
-4.346000000000006303e+00
-4.863000000000004874e+00
-4.522000000000007347e+00
-4.181000000000006267e+00
-4.126000000000006551e+00
-4.335000000000007070e+00
-4.610000000000006537e+00
-4.291000000000006587e+00
-4.566000000000006054e+00
-4.742000000000006210e+00
-4.104000000000007198e+00
-4.522000000000005571e+00
-4.390000000000005898e+00
-4.313000000000006828e+00
-4.599000000000005528e+00
-4.269000000000007233e+00
-4.434000000000006381e+00
-4.478000000000005976e+00
-4.302000000000005819e+00
-4.390000000000005898e+00
-4.412000000000006139e+00
-4.467000000000005855e+00
-4.335000000000006182e+00
-4.368000000000006544e+00
-4.302000000000005819e+00
-4.313000000000007716e+00
-4.357000000000007311e+00
-4.258000000000007113e+00
-4.676000000000005485e+00
-4.522000000000007347e+00
-4.423000000000006260e+00
-4.731000000000005201e+00
-4.764000000000004675e+00
-4.214000000000007518e+00
-4.709000000000004960e+00
-4.368000000000006544e+00
-4.467000000000006743e+00
-4.588000000000006295e+00
-4.236000000000006871e+00
-4.478000000000006864e+00
-4.401000000000006018e+00
-4.544000000000006700e+00
-4.467000000000005855e+00
-4.500000000000006217e+00
-4.643000000000006011e+00
-4.588000000000006295e+00
-4.335000000000006182e+00
-4.544000000000005812e+00
-4.445000000000006501e+00
-4.522000000000006459e+00
-4.247000000000006992e+00
-4.456000000000005734e+00
-4.489000000000006096e+00
-4.566000000000006054e+00
-4.511000000000006338e+00
-4.225000000000006750e+00
-4.247000000000005215e+00
-4.214000000000007518e+00
-4.390000000000006786e+00
-4.566000000000006054e+00
-4.302000000000005819e+00
-4.665000000000004476e+00
-4.280000000000006466e+00
-4.566000000000006054e+00
-4.258000000000008001e+00
-4.621000000000006658e+00
-4.786000000000005805e+00
-4.511000000000006338e+00
-4.269000000000006345e+00
-4.456000000000007510e+00
-4.654000000000005244e+00
-4.401000000000006018e+00
-4.555000000000005045e+00
-4.566000000000004277e+00
-4.181000000000006267e+00
-4.401000000000006018e+00
-4.225000000000006750e+00
