-4.335000000000007070e+00
-3.840000000000007851e+00
-3.741000000000008097e+00
-3.257000000000007223e+00
-3.125000000000007105e+00
-2.861000000000005095e+00
-2.630000000000005222e+00
-2.322000000000003617e+00
-1.970000000000001750e+00
-1.761000000000001675e+00
-1.673000000000000487e+00
-1.199999999999999734e+00
-1.254999999999999671e+00
-1.045999999999999597e+00
-1.243999999999999551e+00
-8.479999999999995319e-01
-6.499999999999993561e-01
-6.829999999999994964e-01
-5.069999999999994511e-01
-4.079999999999994742e-01
-2.649999999999997358e-01
-1.109999999999996961e-01
1.200000000000003564e-01
5.400000000000029082e-02
-7.799999999999981948e-02
1.860000000000003872e-01
1.200000000000003703e-01
1.640000000000003122e-01
2.630000000000003446e-01
4.060000000000004716e-01
3.620000000000004881e-01
3.950000000000005729e-01
3.620000000000004325e-01
5.050000000000005596e-01
5.160000000000004583e-01
6.260000000000005560e-01
6.150000000000004352e-01
7.470000000000006635e-01
6.150000000000005462e-01
6.810000000000006048e-01
7.360000000000004317e-01
7.800000000000006928e-01
8.350000000000006306e-01
7.800000000000006928e-01
7.360000000000004317e-01
7.360000000000006537e-01
8.020000000000007123e-01
8.350000000000006306e-01
8.240000000000007319e-01
8.680000000000006599e-01
8.350000000000006306e-01
8.790000000000006697e-01
9.010000000000006892e-01
9.340000000000007185e-01
8.460000000000007514e-01
9.010000000000004672e-01
8.900000000000007905e-01
9.340000000000007185e-01
9.010000000000006892e-01
8.900000000000005684e-01
9.340000000000007185e-01
9.340000000000004965e-01
9.560000000000007381e-01
9.560000000000007381e-01
9.010000000000006892e-01
9.010000000000006892e-01
9.780000000000006466e-01
9.450000000000006173e-01
9.450000000000006173e-01
9.670000000000005258e-01
9.780000000000006466e-01
9.560000000000006271e-01
1.000000000000000444e+00
9.780000000000006466e-01
9.780000000000006466e-01
9.670000000000007478e-01
9.780000000000006466e-01
9.890000000000005453e-01
9.780000000000008686e-01
9.890000000000005453e-01
9.890000000000005453e-01
9.560000000000006271e-01
9.780000000000006466e-01
9.890000000000005453e-01
9.670000000000005258e-01
9.890000000000005453e-01
1.000000000000000444e+00
1.000000000000000444e+00
9.890000000000007674e-01
1.000000000000000444e+00
1.000000000000000444e+00
1.000000000000000444e+00
9.890000000000005453e-01
9.890000000000005453e-01
9.670000000000007478e-01
1.000000000000000444e+00
1.000000000000000444e+00
1.000000000000000444e+00
1.000000000000000444e+00
1.000000000000000444e+00
