3.279771333492614849e-01
6.709098300069821219e-01
5.412402424062691120e-01
3.972203418758897819e-01
6.246799180380284700e-01
5.927765177535279095e-01
7.461373868129107523e-01
5.042033320000951502e-01
6.553083243786833600e-01
3.663181677176257645e-01
7.196387982870261490e-01
4.514022596310288682e-01
3.401117463422852483e-01
7.243314158587885743e-01
4.593734863920632683e-01
4.146576901493554401e-01
4.150951698104895504e-01
2.951609730299707968e-01
6.020930160697739453e-01
4.394496558196389069e-01
4.428780870623412191e-01
5.257033383953335637e-01
5.618620827213722801e-01
4.265958274526359117e-01
5.566695608707177279e-01
2.593761746961338321e-01
5.262784434118504828e-01
8.775215097078811199e-01
4.323713681547371457e-01
4.508658337022204421e-01
6.441343027661214915e-01
4.567318688245849967e-01
4.109939172299252874e-01
4.973168004401214426e-01
4.080392138018091308e-01
6.414047084329816961e-01
6.396100374446902492e-01
3.494123638339081128e-01
6.153121159216669023e-01
5.907317496122903577e-01
7.521941238802631879e-01
6.596332314248561923e-01
5.088614742736946583e-01
6.705490287816372463e-01
4.536749938006269245e-01
7.545230281442710796e-01
5.107602177147295697e-01
4.476337788862667089e-01
5.985657858581603374e-01
5.322226977497280798e-01
7.022791467785424180e-01
4.697914430893755378e-01
4.738945030278345905e-01
7.346978970978466084e-01
1.995219286193870567e-01
7.149153796079623646e-01
6.128490841960992919e-01
4.573937034984181249e-01
4.109939172299252874e-01
3.682947189412292821e-01
2.188972361634553276e-01
6.088875101363138143e-01
5.083856803648167944e-01
5.953226016203300164e-01
5.927765177535267993e-01
5.299443366996188232e-01
4.614758931948647613e-01
7.653502466191515197e-01
5.201499783716211356e-01
5.304007918546114198e-01
5.325636112240477171e-01
3.345519391664008024e-01
4.764409722095686583e-01
4.895926878538927052e-01
5.569955116515735716e-01
6.073952584602524407e-01
3.687872015132826475e-01
5.443610933929776685e-01
5.614312068276919865e-01
5.588389750187424676e-01
3.588091414666013113e-01
6.414047084329813631e-01
4.619999999999993001e-01
6.503968019601554795e-01
5.825847577820743028e-01
6.163927319493616164e-01
4.849989690710678203e-01
5.795653543820559195e-01
5.487886660637205649e-01
4.899632639290397718e-01
5.993738399363098823e-01
5.993738399363116587e-01
3.785023117498743650e-01
3.307325203242021949e-01
5.146542528727403587e-01
6.149186938124403534e-01
5.803998621640069633e-01
6.717209241939686715e-01
6.269999999999983364e-01
4.034166580596280638e-01
