3.786621185172855952e-01
4.614758931948659271e-01
4.780889038662163859e-01
3.549098477078374558e-01
4.775824536140337861e-01
4.384848914158855360e-01
5.135951713168669386e-01
4.020646714149378464e-01
5.543825394075845292e-01
6.172754652503229522e-01
5.716826042481977233e-01
2.603075104563833952e-01
3.754530596492726136e-01
3.941624030777164389e-01
3.233326460473798236e-01
4.530077262034279961e-01
3.443544685349675394e-01
3.583029444478513237e-01
3.514839967907498752e-01
2.817374664470452816e-01
2.660545056938519171e-01
2.481713117989263473e-01
2.144294755857971968e-01
2.155550973649196511e-01
2.399916665219856138e-01
3.119038313326722434e-01
3.478505426185216631e-01
2.518015091297111097e-01
1.777104386354388110e-01
3.000399973336890236e-01
2.943399395257124684e-01
3.272384451741574551e-01
2.132979137263185943e-01
2.471942555966866462e-01
2.040196069009056201e-01
1.571114254279427636e-01
1.496161755960900286e-01
1.395743529449446907e-01
1.983053201505195207e-01
2.054969586149635874e-01
1.121784292990413295e-01
1.100000000000000006e-01
1.921067411623028354e-01
1.555634918610405149e-01
1.718254928699464723e-01
1.646329250180534609e-01
1.184736257569591195e-01
8.868483523128406487e-02
1.492112596287559212e-01
1.373899559647647761e-01
1.983053201505194374e-01
1.037737924526226513e-01
5.923681287847953891e-02
5.388877434122991972e-02
1.224908159822605258e-01
9.137286249209886080e-02
6.957010852370436316e-02
7.296574538781881725e-02
7.700000000000004063e-02
1.100000000000000422e-01
7.296574538781880337e-02
8.800000000000000877e-02
5.388877434122991972e-02
5.388877434122990584e-02
9.137286249209886080e-02
1.037737924526226652e-01
4.399999999999999051e-02
1.014149890302217527e-01
7.379024325749308777e-02
5.040833264451423379e-02
6.599999999999997535e-02
7.296574538781881725e-02
2.220446049250313081e-16
4.399999999999999745e-02
4.400000000000002520e-02
7.043436661176132041e-02
4.400000000000001132e-02
3.299999999999999462e-02
4.399999999999999745e-02
3.300000000000000155e-02
3.299999999999999462e-02
5.388877434122990584e-02
4.399999999999999745e-02
3.299999999999999462e-02
5.040833264451423379e-02
3.300000000000000155e-02
2.220446049250313081e-16
2.220446049250313081e-16
3.300000000000000155e-02
2.220446049250313081e-16
2.220446049250313081e-16
2.220446049250313081e-16
3.299999999999999462e-02
3.300000000000000155e-02
7.043436661176132041e-02
2.220446049250313081e-16
2.220446049250313081e-16
2.220446049250313081e-16
2.220446049250313081e-16
2.220446049250313081e-16
